-0.934624167235 -1.81086352811 1
-0.0703685866913 -0.560664367564 0
-0.226634823351 0.965082566605 0
-0.0690306612602 0.333587634346 0
-1.635562273 0.720342532771 1
-0.424022028122 0.474125783728 0
0.670377367978 -3.02022450632 1
-0.229477705343 1.14196234142 1
1.7586160836 -0.195030139107 1
0.662404351314 0.869003358036 0
-0.0904517572757 0.119766107163 0
-0.672815845131 -1.11382870805 1
-0.0681691781429 -0.268352213846 0
0.507505989275 1.21464437805 1
-0.109807977539 1.3197603909 1
0.401023482976 0.339296151087 0
0.318472049237 0.0552722997351 0
0.736044555533 0.382538813731 0
-0.31815262945 0.580170001551 0
-1.64309687962 -0.238311770843 1
-0.414372061273 -0.0436935390776 0
0.358977540415 1.07884768562 1
-0.62403803585 -0.0354542442875 0
-0.357758430275 -0.611606202653 0
1.27937187321 -0.544058617479 1
0.79154856859 0.687867122084 0
0.0985579590842 -0.630502227076 0
1.27821283182 -1.53406057309 1
-1.27926959601 0.909001137207 1
0.705261001916 -0.579805236587 0
0.826542103775 0.85048626223 1
-0.12536509984 -0.231070107769 0
0.570442917896 0.767622180315 0
0.455083421275 -0.452045893016 0
1.51560546586 0.783033984639 1
-0.447804568014 -2.14733312306 1
-0.416329552342 -0.939189448514 0
-0.732650572667 -0.257668291255 0
-0.37822293287 -1.48302700603 1
-1.21468939675 0.0658619207618 1
0.745597959444 0.303899067172 0
0.435354799168 0.350009738404 0
0.90072957392 -0.683878290801 1
-0.0437439045253 1.2586448428 1
-0.870379580852 -0.0919706180019 0
0.506698841943 -0.880006226781 0
0.142285566948 1.13901014416 1
0.662023154738 -1.74224775636 1
-0.165098893024 0.811271525665 0
-0.414966824558 -0.510965253582 0
0.559203195469 -0.549284682282 0
0.338546867386 -0.324403970916 0
2.34764217303 -0.659562701382 1
-0.305634615162 0.973228709644 0
2.10849427412 -0.560073717972 1
0.308137296347 0.0372182460795 0
-0.712510642059 -0.775765111559 0
-0.21146359059 -1.30397057373 1
-1.93144236606 -0.528793385188 1
0.237306813325 -0.191220046201 0
1.95562253235 -0.671692502845 1
0.344763404714 1.29176949149 1
-0.282371108184 0.405005542758 0
1.21797130122 -1.3042764792 1
-0.408832879893 0.280682053927 0
-0.538163226191 -1.33348901896 1
0.688271359336 -1.92051351952 1
-0.262592967004 1.34191284001 1
-0.0736252494299 0.434047800703 0
-0.0173816705562 -2.17198756128 1
0.474401767662 -0.385663188053 0
3.18469260131 -0.716440183758 1
0.818814066459 -1.29372317897 1
-1.10146948897 0.886237052168 1
1.60359506345 0.927867210136 1
-0.68545816652 0.0658580235345 0
1.26523489232 -0.408063311513 1
-1.09777376057 1.56712002413 1
-2.37752642103 -0.356993094967 1
1.91630318447 0.440859877744 1
-0.822881917336 -0.000126852838264 0
-0.0897711623878 0.909292676797 0
-0.411717778219 0.564953556459 0
-0.541028624447 0.0515876414187 0
-0.0544867281695 -1.36612953331 1
-0.598312696167 1.22156754768 1
-0.401131025134 0.0847414504712 0
0.983005734798 1.26082926917 1
0.944416208939 -0.572186229451 1
1.65408417786 -0.440755780185 1
1.7181812929 -0.34481593673 1
-0.317941460027 -1.05519297479 1
-0.264310800273 0.0689909936562 0
0.519111803849 -1.6615388818 1
2.28672080999 -1.31132026466 1
0.259537213515 -0.470383122654 0
-0.883536093236 0.779393786326 1
0.827235541371 -1.80174827622 1
-1.06351440768 -0.88209891915 1
0.875345385793 -1.97002089841 1
-1.66134744264 -0.260487849916 1
0.679744076022 1.10882532879 1
-1.19446835258 0.381885804057 1
-1.42745329195 -0.170504334009 1
-0.971936599269 -0.26306669347 0
0.607165787461 -0.158669917212 0
0.0282198091421 0.799413381394 0
-2.7659591942 0.299468107401 1
-0.0710840348186 -0.529720413233 0
-1.71436825089 0.214561937271 1
-0.177529668412 1.13810733295 1
-0.55876046942 1.9972160271 1
0.944815356908 0.982413250046 1
-0.116197611369 0.154283285508 0
-0.0802627725823 0.355892227933 0
0.049814784032 -1.14292166229 1
-0.862339754439 -0.796619462773 1
-0.689049158793 -0.380607698953 0
-0.612984418755 -0.0929653166661 0
1.57528016945 0.594641215776 1
0.692007589611 -0.972833526536 1
-1.60037460985 1.52820944765 1
1.03719319033 2.17721979056 1
0.689174205027 0.860974897176 1
-1.02826028336 0.18477355299 0
0.273315027644 0.721947259157 0
-0.51602477559 -0.815889784703 0
0.0837895466585 0.927267200782 0
-0.374312650967 -0.734696565842 0
-0.813340417274 -0.367458765138 0
1.60628620753 -1.28791424934 1
0.457317617271 0.297884815384 0
-1.35226208767 0.972199545755 1
0.258726793522 0.540504777487 0
-1.60024640161 1.1276454098 1
-0.297149280162 -0.959606894341 0
-0.856442889243 -1.61390752589 1
0.375302053075 -1.99898552042 1
0.196791222786 -0.419010739317 0
0.645465553148 -0.595236973711 0
0.0384466480417 1.21359420943 1
-1.49922087137 0.981243124384 1
0.224862484596 0.133058207368 0
0.992593955925 1.43525994115 1
-0.541238539447 0.0104131006212 0
-0.054132433056 -2.21405214899 1
0.117393536523 -1.61886644798 1
1.25447435697 0.549902772411 1
0.576810408639 -0.504300408105 0
1.1464340102 0.0462135095034 1
-0.222451126918 -0.0409246098867 0
1.64556975736 -0.379836568985 1
-1.80450738803 1.02368336994 1
1.15649943218 -0.650340687827 1
0.951761355065 0.568414877448 1
0.695708045894 2.27937554934 1
-1.04290289548 0.829997963465 1
-0.443895547755 -0.636798369129 0
-2.15894103189 0.422534220097 1
-0.199217658333 0.312719564866 0
1.35772388738 0.379024449358 1
0.499111776713 -2.19528822645 1
-1.06372199692 -0.341237922528 1
1.71227964677 -0.357606298955 1
-0.112892155201 0.933371798082 0
2.38684478868 0.567919854627 1
1.98481295833 -0.327729134283 1
-0.890407110627 -0.344751913272 0
-0.0671901488406 0.829969819019 0
-0.616779179553 1.15964106766 1
0.105528673954 0.260984946411 0
0.195726778422 -1.12461933355 1
-0.733830766873 0.354882761035 0
0.681365356372 -1.57666198523 1
-1.38953507556 0.594034539428 1
0.757259142454 0.842070146804 1
0.665954393698 0.680640465751 0
0.993549117616 -1.02661497705 1
1.32792249907 -0.557562895814 1
-0.155267976883 -0.155172730461 0
-0.449426404841 -0.0848639466992 0
0.781539389131 0.225311837174 0
0.270428604991 -1.14314702462 1
-1.53556610929 0.0790494767969 1
-0.695995725796 -0.482270271576 0
2.36256122187 -0.92353447701 1
-0.217188349622 1.21706910743 1
-0.67430818871 -0.504317471259 0
-0.886385932262 -1.16468942905 1
0.477089809172 0.34355787081 0
-0.33058137357 1.5017579979 1
-0.529619166972 -0.410585727913 0
-1.01228137063 -0.112781789213 0
0.322703231965 1.7405863791 1
1.07940564848 0.883166346093 1
-0.232727352307 0.186406290972 0
0.375150301703 -0.419452434336 0
1.57441191549 1.63845405843 1
-2.7770384859 -1.93175637856 1
-0.413372684112 1.11745960986 1
0.266245400503 0.563816779441 0
-0.0629137358329 -2.71715066192 1
-0.00935998564757 0.176128763632 0
-0.306938760278 1.4624594253 1
0.0537744607272 -1.82771259098 1
1.37175077012 -0.544451946431 1
0.0582356300798 -1.31837532297 1
0.165080614862 -1.46654462096 1
1.99904515547 -1.22822689964 1
0.809517356802 -0.0979965660413 0
-0.877348483451 -0.869445052654 1
-0.57484493255 -0.691373296995 0
1.55548600099 -0.697596750096 1
0.298946871231 0.208401758728 0
-1.30232243016 0.900213943379 1
-0.14144626577 -0.46895569159 0
-0.43275551348 0.981362144342 0
-0.220044736819 -0.29448687136 0
0.989441694952 0.729153213044 1
-0.0944241139196 -1.46468067887 1
-0.0455383675783 1.64449776242 1
-0.164974095107 0.300223591869 0
0.0292940365646 0.336138089116 0
-1.69598773975 -0.400293971328 1
-0.249259216267 0.798191881444 0
2.39317793767 1.33106592964 1
-1.70021086769 -2.36830592431 1
-0.756504993619 -0.350342409209 0
-1.25617285011 -1.11005663202 1
-0.64992793312 1.43008994118 1
-0.378609098113 0.378064815792 0
-1.70278799535 -0.84318586953 1
0.422038041481 -0.406196353405 0
0.770758155127 -0.484322670522 0
0.33348606716 0.675533394596 0
-2.30955028313 0.749993927886 1
-0.859914588369 -0.0300090753212 0
-0.768281954056 0.460429999331 0
0.0506825951766 -0.711868657843 0
1.37244024531 -0.0504453713041 1
0.211998996529 -0.259898812562 0
1.5101168763 -0.125115461175 1
1.62906533971 -0.737167349429 1
-1.71840201284 0.930167618704 1
-0.0798233974265 0.175772308627 0
-0.142520328686 1.05684343127 0
-1.43394570234 0.612775000986 1
0.39391873237 -1.53570869705 1
-1.6892149614 0.870437684833 1
0.44655669493 0.090802717971 0
-0.507324403315 -0.15142816479 0
0.27006404354 0.14001614845 0
-2.05414151215 -1.62786604328 1
-1.56234887414 0.0710022310108 1
0.621297437744 -0.977528415674 1
-1.17411660674 2.00327334637 1
0.0742409737006 -0.44286306319 0
1.46886552722 -0.337052666614 1
-2.03258482872 -0.504232014154 1
-0.399237175098 -1.49228684916 1
-0.084209971264 0.119212757005 0
0.52710157491 -0.136291108878 0
3.17931941706 1.05342668171 1
-0.813100167564 -0.749498451317 1
0.127294237493 0.40989741557 0
0.554217931252 -0.788826517589 0
-0.504767965092 2.09191234952 1
-0.0195965825835 0.780277460855 0
0.168061619519 -0.531854662283 0
-0.724589618577 2.706039288 1
0.922256381927 -0.339840807286 0
-0.0713522277497 0.203444216061 0
0.0573752466515 0.575001295612 0
-1.95802033495 0.881966981861 1
1.78047114854 0.608957216308 1
0.0737426485225 0.833174904643 0
2.21679340284 -1.45336603774 1
-1.61170150504 0.147678335205 1
0.429917085339 -0.645989390589 0
1.94174289289 -0.300381680343 1
-0.0241858288307 0.1411911301 0
0.689459079759 0.154039755089 0
2.08147670708 0.308839934765 1
0.646273658899 -0.176243615213 0
-0.222642728078 -0.507206982189 0
0.067120012899 -0.211405244953 0
0.0399786901791 0.990115150528 0
-0.426614705746 1.54945144069 1
0.987400698331 -0.202865819393 0
0.834546441851 -0.23405183981 0
-0.455918575036 -0.42040185369 0
-1.32171899761 1.37295458233 1
-0.559125412665 -0.441110728857 0
0.914679940821 1.44080600034 1
0.780300369677 1.0580917513 1
1.96460880892 -0.345712757385 1
-1.7175097627 -0.929901599271 1
0.427421949499 0.872233497666 0
0.919909011477 0.546391447492 0
0.512936412911 0.792980686449 0
0.217747203977 0.494539647976 0
-0.177228875341 -0.0920608532878 0
0.800977693 -0.166921263248 0
-0.287925919461 -0.133815794243 0
1.28818740266 2.06466720566 1
0.154094946378 -0.16681250891 0
0.821352583853 -0.637202110357 0
0.630897334761 -0.188012820626 0
0.242792175615 1.7748935322 1
0.867176524686 1.98715556329 1
-1.1690743008 3.02900644213 1
1.01557152614 1.22312107809 1
-1.10424812145 -0.461508729692 1
1.61753841398 0.0125614255413 1
-1.01443745162 -0.275160134644 0
0.0554326546698 0.661344931015 0
-0.42744152506 -0.746306158989 0
0.821287766918 -0.198489785556 0
1.15835159797 -0.473405019755 1
-0.145705044865 0.143106380792 0
1.0505359954 -0.487236435837 1
0.7812242894 0.617208984468 0
2.3646402121 0.0613873275254 1
-0.331396940336 0.25459166791 0
-0.0062068804798 -0.724143412729 0
-1.6300341694 1.02431870784 1
-0.140464543014 1.70706577885 1
-1.00122228917 -0.154895574396 0
0.329796356506 -0.687227688858 0
-1.12175854021 0.851786001441 1
-0.835554648554 1.17624509646 1
-1.52204670822 -0.274063110688 1
-0.189851970855 0.570030070021 0
-0.659658910683 0.984516932138 1
-0.617708039524 -0.655212592431 0
0.750469087551 0.526287441924 0
-0.0332393620192 -1.09254617831 0
-2.08186460382 0.677224223565 1
0.00669231330317 1.75816122535 1
-1.07205932658 -0.664402218678 1
-0.761352099995 -0.0213909760447 0
0.846898144016 1.53231627154 1
0.229858518151 -1.01385936649 0
-0.499473957523 -0.597456307855 0
0.728902119504 -0.636700430662 0
1.24472233788 0.767267167775 1
0.873687299514 -0.111306277567 0
0.592769170201 -0.115849037262 0
-0.328989842732 0.270591694434 0
0.599450922214 -0.58165109855 0
0.12400755271 0.684271458034 0
-0.289075385435 0.0364297918095 0
0.224021166771 -0.380197118087 0
-0.622508507148 -0.153296612839 0
0.455796752468 -0.386397239477 0
0.207568948458 0.126361708555 0
0.179286773445 -1.41011580606 1
1.97532134203 0.109716796958 1
-1.40650508302 1.42502005799 1
0.541214344248 0.240803731788 0
0.413762831056 0.819261065492 0
-0.807349286495 -0.0825455603869 0
-0.885225281755 1.10351345031 1
0.202007816829 0.980694300592 0
-1.3093805304 0.252747337812 1
-0.642923822144 0.578006584284 0
-0.355849288611 -0.853467727409 0
-0.780182102936 -1.08696638235 1
-0.631950758477 -1.37073660215 1
-0.365801577325 -1.04549813308 1
0.138042199909 -1.42283529209 1
-0.277835812577 0.902516880307 0
-0.240979289168 1.13196351433 1
0.0185162111433 -0.490298897111 0
-0.0227656575905 2.41806640301 1
1.493506573 0.235410101107 1
1.91325074326 -0.112970204358 1
1.74999075177 -1.86639609393 1
-0.0647171684849 1.08145642412 0
1.30008222097 1.17032649659 1
-1.58488088895 0.398876149178 1
1.07175930765 -0.422224634735 1
-0.854953066797 -0.308612130284 0
-0.298966796763 -0.0871242586742 0
-1.09682016019 -0.734469014737 1
-1.04629520156 -0.400152053042 1
-0.916346043035 -0.0402771198674 0
1.23398005904 -0.107814478132 1
0.623352250703 0.0829367214855 0
0.655651855533 -1.76369096072 1
0.797209110423 -0.516997262387 0
1.06872021513 -0.501650573836 1
-1.33258764527 -0.600642288586 1
0.804487493211 0.237151449072 0
-1.45145335644 0.479377947217 1
-0.112067568426 0.33719001244 0
0.855956472962 1.28456083338 1
0.624266964501 0.97513172598 1
-1.17703381141 -1.27689972222 1
-0.53750777401 2.33485964642 1
-1.52603548611 0.650999993951 1
-0.237364837984 -2.5897087658 1
0.467037354361 -0.403363115004 0
1.33673676593 0.372034486616 1
1.07505164287 -0.645392463872 1
1.16273678046 0.635547149918 1
1.45411421548 -1.13499151608 1
-0.392216690021 0.498325510577 0
-0.986853060616 0.357749370873 0
0.534970362102 -0.330072119902 0
-0.156185063105 1.33658240268 1
-0.205381023986 1.20453400116 1
-0.287276556267 1.59683628543 1
-1.01568631849 0.114477525709 0
-2.04197492752 -0.518150157712 1
0.900397728679 0.379913962299 0
-1.26130859756 0.220200945368 1
0.742384582545 0.718093921021 0
-0.642884879845 -1.12706824364 1
-0.750092507465 1.73497686418 1
0.586351498161 0.23020628217 0
-0.221726901812 0.673137644001 0
0.26330720317 -1.00628331294 0
0.412536590849 -0.299167021337 0
1.35905983288 -1.14701870907 1
-0.830840190734 1.57680033191 1
-2.17536441737 1.20980080287 1
-0.51734005324 0.0537340501723 0
0.209104754665 -0.836358815686 0
-0.949284175001 0.255646400903 0
0.104802036546 -0.822962614797 0
-0.721002354312 -0.0724634785102 0
-0.371584109719 0.655197527676 0
0.989516522488 -1.4616194731 1
-1.0816565608 0.0595934326577 0
0.130256433851 0.360314006262 0
-0.697567495825 -1.04865795409 1
-0.703509879247 0.102273515139 0
0.838251132008 0.882817624217 1
0.15785445906 0.855209915145 0
-0.676296129652 -1.37791519178 1
2.40879373934 -1.30560947664 1
-0.648748238882 -0.262077770591 0
-0.265066988128 -0.0109914930558 0
-1.07264094151 -0.980410994848 1
-0.385435730858 -0.886530955925 0
-0.614533977613 -0.766753096401 0
0.599489197993 -0.776096942758 0
0.872868797933 -0.70743032111 1
-1.65014277606 0.341650198757 1
-0.0791947619299 -0.401162451429 0
0.04992072946 -1.48111141111 1
-1.00589955329 -0.307530058602 0
-0.130850759468 -0.738076063168 0
-1.33382112362 -0.128719877383 1
-0.0825436076137 0.311054999771 0
0.363961765532 1.28682271228 1
0.35310003676 -0.113943551443 0
1.47636406123 -0.118382004743 1
0.119760784286 0.71640334041 0
2.14995183653 0.242091229713 1
-0.599624188126 0.136080615639 0
-0.71851609027 -0.791212973986 0
-0.497231386996 -1.61356204372 1
-0.758303440482 -0.131946395734 0
-1.59727585506 -0.0871313421881 1
0.364167772947 -1.41435921013 1
-2.01294255937 -1.22063026551 1
2.34308451765 1.60284375185 1
-0.0513884762882 -0.891933861979 0
0.962547148278 -0.874239685166 1
-0.611090173283 0.170138366898 0
-0.54145180525 0.763412224822 0
-0.43486519846 -0.466500048324 0
-0.346465493983 0.705356198663 0
-1.14259909312 1.01699835755 1
0.646188565667 0.938490513308 1
0.539734267999 1.178365911 1
0.254620135772 -0.29029253605 0
-0.352643404643 1.7167386587 1
0.275817098382 -0.175562081149 0
-0.620250667467 0.358890367413 0
0.818874606841 1.3198926979 1
0.0559877960949 0.684870943873 0
-0.0704841563101 0.451266857302 0
-0.319511300659 -1.42893105916 1
-0.692194224378 -0.0739734956367 0
1.5746198918 -0.0216123531931 1
-1.76928710496 0.818656309812 1
0.224331247024 -0.901345130788 0
-0.868141228741 -0.416380075594 0
0.371611773918 0.912833704472 0
1.38320912385 0.610975311837 1
0.185550944314 0.124129990139 0
-0.116536102668 0.219007291304 0
0.991469140399 0.844271504002 1
0.707703209762 2.11426255655 1
0.0416591529726 1.4674309415 1
0.461520286525 0.923609191453 0
-0.20243886228 -0.527678421831 0
0.570159069638 0.389286060127 0
-0.125329259599 -0.273094735956 0
-0.523546282098 0.108840709976 0
-0.373483364866 0.678841583566 0
1.15539960816 0.140218424842 1
1.32682627292 -0.359156718963 1
-0.332656603702 0.506624266652 0
-0.238408037418 0.599615823055 0
1.0728258708 -0.411929152685 1
-0.216600937535 -1.715646376 1
0.574196859723 -1.35245359518 1
-0.373079931035 -1.59712586546 1
0.187527189188 0.350950613648 0
-0.484159292465 1.369049133 1
0.463848785521 0.698857798854 0
0.361823329606 0.248069736738 0
-0.475183778081 0.150751026663 0
-0.166939465552 -1.1518599185 1
-0.398772011808 0.509468824068 0
-1.38452005878 2.119477479 1
-0.917071986663 2.04740120248 1
-2.11987243431 0.688546283316 1
-0.216089410905 -0.787051408429 0
1.91114706054 0.926372788652 1
0.922781196939 -2.38128090115 1
2.93449515264 -0.173937359009 1
-0.249894969678 -3.07410456799 1
-2.20925978596 1.62988266567 1
-1.09633760138 -0.492490390634 1
1.49234317141 -0.461824294024 1
-0.436501796087 -1.41706160591 1
0.685139143863 0.944677894211 1
-0.864740145368 0.490435130379 0
1.37187918232 0.629967917667 1
-1.35329907891 -0.108198973202 1
0.607031360077 -0.114242635128 0
0.469569011375 0.745044654885 0
-0.0663949805563 -1.11946072465 1
0.607535902902 -1.10115606338 1
-0.991560670243 0.360235368474 0
0.287646407216 1.00617148548 0
-1.02011429019 -0.36020488137 0
0.88419064324 -0.58267758363 0
0.852052125511 -0.339311679194 0
0.908807451547 1.29795186235 1
0.9911584759 -0.1906302366 0
-0.0456992990281 0.864559718953 0
0.17175559024 0.0491478363062 0
0.116426872061 0.639307711443 0
1.87702684203 0.0628636075946 1
-0.132210654159 1.1597463617 1
-0.363354438268 0.321328335823 0
0.022092494973 0.108692901481 0
0.0203690748106 1.55316434049 1
0.0560773066283 -0.139328369886 0
-0.0213234495648 -0.870541434553 0
-0.236816441647 -0.216775105892 0
-0.95506477512 -0.158998515166 0
-2.25746283886 -1.35467199949 1
0.73116655856 0.215236184395 0
-1.53504089988 0.406632842028 1
-0.77182480168 -0.00313585439174 0
0.868350169214 1.14822635278 1
0.0640244563248 0.117759695751 0
0.977825819498 2.85196697874 1
-0.0655244518216 -1.14254123139 1
0.976830683401 0.377285317801 0
1.42074060667 -0.0527670344126 1
-2.12080428743 0.459236315027 1
-0.13591955341 0.137209387466 0
0.262283299702 0.730388226077 0
1.47438040562 -0.104398901238 1
0.905837536132 1.41590320766 1
-1.81139185514 0.709278207713 1
-0.849678814022 0.238368635008 0
0.141297800616 1.22590917872 1
2.00437811346 -1.13138991877 1
-0.544477573152 0.0366690174056 0
-1.31184661872 -1.22683960769 1
-1.85300640222 0.535171982286 1
-2.35112903761 0.586805390086 1
-0.116073996421 0.890973225264 0
1.25925124332 1.56091911029 1
0.159285404426 0.73157869295 0
-0.71174631405 0.712790949605 0
-0.65119020206 0.712380063024 0
-0.359053932843 -1.57251745522 1
0.430700738658 -0.338766930223 0
0.408861008103 -0.402176798752 0
-1.78980366433 0.558678830101 1
-0.0209442157542 0.729667242561 0
0.212618694068 0.286836323714 0
1.1221355491 0.530213567623 1
-0.257898774666 -0.937816335466 0
-0.671797849353 -0.685880688834 0
-0.821409832673 -0.474894012066 0
0.107024149277 -0.625485308828 0
0.656622786756 0.514825695368 0
-0.438411413255 1.28373302978 1
-0.101238758299 0.400880323568 0
