2.43023185929 2.76146659852 1
1.39504440631 2.96611239444 1
4.09646903361 1.93179758758 1
-0.191903803086 -0.067009924859 0
1.36101216716 3.85733325063 1
1.28531944164 4.44185909985 1
2.52554034446 1.95555977673 1
2.2167208963 2.57180951699 1
0.423607518278 -0.905235085188 0
1.24682399795 2.34238004694 1
2.49728485026 1.93455832966 1
2.69367914156 1.44883031183 1
0.113560516874 2.11435284997 0
-0.360559610229 -0.594076937968 0
-1.07007664107 0.875163578285 0
2.41509099192 4.14186030343 1
0.57570994961 0.124810918783 0
1.87837053164 -1.25470253404 0
0.439960395886 1.3914896265 0
2.47103764673 2.97123663992 1
3.21876737897 4.13748091934 1
4.7969857468 1.51222243809 1
0.145640640565 -1.66397279619 0
0.0784036433152 -1.37039876993 0
0.93058254508 -1.29434331591 0
-0.129847756485 -0.588536919037 0
-0.967969882367 -0.688876624874 0
3.01916915402 3.74179444725 1
2.33264331997 1.58295368675 1
1.87030679926 1.99336863747 1
3.62151450284 3.78503613149 1
2.65006099228 0.635926682511 1
1.53197639781 2.52705892986 1
-2.08496632407 -1.66002045569 0
2.94059109171 2.31928127993 1
0.728052884053 1.53019575307 0
0.149622342433 0.204465538756 0
0.0612355449418 1.30747476505 0
0.4911812478 -0.215811005918 0
3.8735977154 3.6649276344 1
1.08307583422 1.25562715819 1
1.78384609442 2.38513000413 1
-0.146922639176 -0.535310492942 0
2.45986672303 2.05001437643 1
1.58363161784 -1.56493428762 0
-0.61254251049 0.634178224324 0
-0.252158346712 -0.185813940347 0
2.20055489945 2.50359971267 1
3.61318765614 3.23760629784 1
1.15799312679 -2.17065300193 0
-0.200208746057 -0.0489743582498 0
2.47366338014 3.88157192476 1
-0.21045628424 0.758846447636 0
1.71924556053 3.91589400693 1
-0.0200432456297 -0.836131209735 0
0.919638714941 -0.902632306284 0
-0.336767047874 2.36211080411 0
2.35112014181 2.1647677308 1
-0.602341486648 0.485749487916 0
0.532017391006 1.9960565239 0
-0.724421101213 1.59289367608 0
1.25938998083 0.434890206235 0
-2.26160100011 -2.27594883636 0
0.38222479087 -1.9401953528 0
1.96352943871 3.50354946796 1
-1.63450824137 0.55144605501 0
0.851673655167 1.99159020715 1
0.248691559646 -0.241717529818 0
-0.527702505568 -0.340784319842 0
3.84977306602 2.30206484514 1
-0.188767334056 -1.27036655996 0
1.05057064362 2.80415460304 1
0.62314564913 1.20806525743 0
2.42588645995 2.11912497201 1
2.84211590254 1.62028309519 1
0.196202168665 -0.761578098806 0
-0.567687116535 -0.0990978528799 0
-0.152363540452 -0.597569765941 0
0.588695231103 3.22243596774 1
1.8380057226 -1.18844948687 0
3.97516662752 2.66364024074 1
3.45221441236 1.30962290039 1
2.70092699323 2.96854243407 1
-0.475851965936 -0.41689929562 0
0.252198022379 1.60110558719 0
2.00363703557 0.87854982873 1
-0.678258423788 1.36587887924 0
2.33308730821 3.26472297153 1
-1.96652163029 1.7355181304 0
-0.0816682455265 1.13639370238 0
1.54519882778 -1.20637249338 0
0.0819507776188 1.63338706844 0
3.70012037058 2.24452620132 1
3.03643023844 2.0994818586 1
3.53696795323 2.62082769339 1
2.50955508944 1.69702305871 1
3.31570772246 2.29928438933 1
0.246404318123 -1.00844419212 0
-0.473524240664 0.293689209862 0
0.472499256312 -1.4309701868 0
3.26450934615 1.4536182673 1
-0.195963332828 -0.850517355863 0
3.13112021009 2.17114588653 1
1.06405811632 -1.21920527696 0
3.32893189816 3.61754497363 1
2.43901745426 2.71703524923 1
0.363053900529 -0.0496626461307 0
3.91547733769 2.5304832097 1
0.54063167894 -0.387717026951 0
3.07545746965 4.13126513088 1
0.354762180897 -0.0623494324823 1
1.62444776915 2.32013289583 1
-1.21801599425 -0.413922843122 0
0.310911974557 1.69509669396 1
-0.191527317765 -1.68432259578 0
0.360279349668 -0.231407531846 0
3.6757088419 0.988084939555 1
-1.90469634941 -1.30103360732 0
0.0830676902431 -0.32319083031 0
3.64458757931 3.09844607342 1
2.5379692941 2.07423555838 1
2.32855551474 0.883237531997 0
1.50248938315 3.35938497808 1
-0.339725573333 -0.509924593989 0
-0.957564837386 -1.66481011126 0
0.375389425723 -0.40593724948 0
-1.55362550352 -0.0311094205032 0
-0.269383715525 1.3004377599 0
1.83640830493 1.24457621681 1
-0.909797990579 -1.57769590859 0
-1.6199708453 0.718374578979 0
4.60439526993 -0.49375869418 1
2.34740267878 0.406468715505 0
3.32742278352 2.90223433487 1
1.87519355349 3.50182074653 1
0.97566214146 0.298020730025 0
-0.0372961554878 -0.522376913295 0
-0.777636870579 0.0916350727119 0
2.64940716644 0.766855089715 1
1.48086279934 2.98958592588 1
0.250228890612 -1.32457564869 0
0.0132755681352 2.70574727298 0
3.04957082748 0.632208950813 1
0.0404816983485 -0.55964195304 0
-0.0352910620308 -0.036757670404 0
2.07093758155 3.26755359595 1
1.40547657541 2.31888041649 0
-1.01510377962 0.554743588517 0
0.129549612245 0.747890388357 0
2.74888809768 1.76943274179 1
1.33973950016 2.77085052539 1
0.822317328796 0.330973381177 0
1.10494886942 1.0592680925 0
2.57778156769 3.82330664995 1
1.82730719498 2.68671043063 1
0.560344027364 0.0975182324417 0
1.04098880564 3.69594919474 1
3.41682687866 2.37935057484 1
-0.204363721476 -1.04752301783 0
0.93623711306 0.820648183645 1
0.736775462924 -0.161714592455 0
-0.831164109669 -0.129991171564 0
1.83370339761 3.16027776555 1
1.42146436487 1.96246610994 1
2.09255260637 2.82117738913 1
3.31896517968 1.33207828682 1
-0.531711520582 -0.719295266628 0
2.44920730446 3.34767833125 1
-1.89979154238 0.787200383588 0
2.6746903961 1.82210770416 1
1.2259934839 -0.357007379064 0
2.26080840024 1.52736400295 1
0.10034445649 0.224621482 0
0.430978737538 0.069387195552 0
4.30063864429 2.47405519819 1
3.02730429329 2.61857844488 1
3.46195989274 1.59199253097 1
1.5674648656 2.39948094358 1
2.62119146321 0.710947289036 1
-1.16343374261 0.128557211869 0
0.695167931006 -0.158625312906 0
2.81512747272 2.17005876062 1
2.76588162896 2.04635342706 1
2.62758330449 3.35934837535 1
1.19062115677 -0.972384159113 0
1.0611672956 -1.29110408321 0
1.94372381944 2.33034325949 1
1.43042719295 1.73476996479 1
-0.254962442014 -0.707146374307 0
1.79352730693 1.6159444999 1
0.793853199098 0.587329897778 0
2.70521519081 2.90345561681 1
2.57269331093 3.42067834905 1
2.8757135859 2.97401519199 1
0.691810863825 1.96366288124 0
0.697589322489 0.438984486468 0
-0.17389453589 1.35061775966 0
-0.971432331613 -0.524635382775 0
2.10870245933 0.990884854785 1
-2.39104349572 1.19997319451 0
4.02162007052 2.89819040541 1
-0.402175275125 -1.36497298652 0
2.42371379304 2.75105407166 1
2.76508731569 3.36095711162 1
3.00351463796 3.20880988194 1
3.59093053647 2.47077830002 1
-0.288471622103 1.18351905365 0
0.198255408054 -0.30584701389 0
-1.18799190651 -0.620281826322 0
-0.556210198063 -0.647953965715 0
1.23651360656 -0.54683560259 0
-1.314135654 0.749562436604 0
0.398028048165 3.36009782757 1
2.34341926017 3.86069061517 1
2.88930492605 3.99635557662 1
1.04757893213 -1.75249606262 0
-0.856200832311 -0.866863523742 0
2.66298793318 2.23975060846 1
1.28685345919 4.81574867572 1
2.21870696072 4.83403696397 1
1.21452160291 2.15417895545 1
-0.36926223328 1.47656617133 0
-0.724197603027 -0.941976461471 0
0.758537727984 -0.143605946551 0
-0.726892385793 1.25411209334 0
-0.915715798195 -1.21139227293 0
-0.237029042144 0.288966194597 0
0.46678416955 1.90581766138 0
2.87724415428 1.99765583644 1
2.12799754466 3.29661377637 1
1.87708554514 3.50983161158 1
3.31015596196 1.11470836439 1
2.05685338605 1.81089877676 1
2.51764889739 2.00420065362 1
1.24960411838 1.06274284486 1
2.92013309048 2.01289229305 1
3.67903776375 4.48569674724 1
1.74468621519 2.76995574519 1
3.23321371528 2.15376888308 1
-1.68381792256 -1.69829853919 0
-0.271531338998 -1.02047436392 0
3.07441212841 1.88726613022 1
-0.976479409004 -0.429850056493 0
0.899001116834 -0.404822903545 0
0.343559535839 2.47688283202 1
1.17381842527 0.527394711879 0
1.35991521473 1.48222377415 1
2.15447157079 2.04181216473 1
0.633305674537 -0.901881080801 0
2.40095256298 0.725914899862 1
2.38117078142 2.13224230302 1
1.02020148839 1.49936004689 0
0.755709015172 -0.392972561051 0
-0.519703430551 1.89394731051 0
1.18735215032 0.401630022371 0
0.234736235338 0.874712461902 0
1.16538955007 -0.370141152884 0
-1.13351196284 1.96140756476 0
1.84498789439 2.35127277018 1
2.9110642653 2.32825849091 1
3.51789333829 2.11730207622 1
0.59383569725 1.07082633843 1
-0.0235352346752 0.167607752977 0
2.48060752884 3.11662120434 1
-0.592451702675 0.617017636057 0
1.07527329099 -0.184832025732 0
-1.31018827981 -0.107260109357 0
4.00486713269 2.01483800252 1
-0.356815448214 0.895951522892 0
-0.221324975942 -0.770417609174 0
0.285143719637 -0.885526196713 0
-0.506402909296 0.198953149185 0
2.03361128448 0.430886976576 1
0.351499244072 -0.308337218144 0
0.656183167158 1.34433115309 1
-0.739007127744 -0.992534123047 0
0.880229229331 4.1556203399 1
-0.272393801601 0.85241460663 0
0.873285081883 -1.04313070898 0
2.05983979604 1.6826054847 1
2.46557622771 4.05803420036 1
3.64378816511 3.04437673555 1
-0.0631731013181 0.12233752288 0
0.629306993812 0.360195040437 0
0.970550659091 -1.23612955497 0
1.97222046235 0.0807809391029 1
3.63391038447 2.64069204484 1
1.98736802019 1.78243211858 1
1.41328162262 3.76951988572 1
1.74454439203 1.80235594451 1
2.40991959094 3.94338919347 1
-0.981586158661 0.787214519717 0
-0.527079553403 -0.708811830178 0
1.57081398135 0.191398178851 1
3.33248834576 1.94648692911 1
-1.50960988876 0.752021369145 0
2.96756035034 2.5577494517 1
2.92483536526 1.54544273922 1
0.861364436799 0.736401641621 1
-0.856655059932 0.101347659673 0
-0.0178682707727 -1.17561990503 0
1.4678225943 -0.269476328005 0
1.02487859182 -1.24854372925 0
-1.15598887677 -1.59792683165 0
0.562592390571 0.520380629592 0
2.74901088136 2.52984448373 1
2.22391375432 1.97565639839 1
3.32014069219 3.48324278911 1
0.856941261276 0.362432928841 0
-0.774472002327 0.408371906053 0
2.86892213465 2.57264955156 1
0.716704606137 0.331949083785 0
-0.279132969047 1.63359654234 0
2.78619175566 1.71642487327 1
0.103129564666 -0.35585548691 0
1.63924440594 3.65681249425 1
0.572351471403 -1.14517214017 0
2.42402964915 4.60069903629 1
3.63542659009 0.528054689278 1
0.988479630251 1.63302878625 0
1.99500446372 0.945087346768 1
-0.149736129152 1.58055028337 0
2.1997624968 2.18759871199 1
2.491548888 3.67020417172 1
2.23811502054 1.50245302579 1
-0.506302535929 0.924428695249 0
-0.739545443965 1.17094806289 0
0.569993845021 1.45088577568 1
2.85361900595 1.50096741025 1
-0.39645436293 -0.0552950751209 0
-1.45894907494 -0.919829340724 0
3.53748884526 2.23884391919 1
2.37511276161 3.70398229198 1
0.433627728435 0.466438872632 0
2.53412184937 3.63501717126 1
3.00117524563 2.73467680256 1
1.85641982224 2.37946717285 1
-0.0932763294766 -0.953284453389 0
2.47589774857 0.886396956107 0
-1.25099712786 0.472917412244 0
0.608033031603 1.79258996448 0
2.19842500911 1.71745567603 1
-1.34800531865 0.993237459337 0
-0.154995821763 0.474460298248 0
0.755724523354 -0.383643542182 0
-0.968958797084 1.25601736651 0
1.06553487256 -0.792101277166 0
-0.548687695266 0.641574818446 0
0.29382081683 -2.34448307181 0
0.683720705741 -0.437878644779 0
0.123283786165 -0.278712494122 0
-0.532174408362 -0.695626404889 0
1.33177536129 3.81736190328 1
3.27111672357 2.7206853196 1
-1.31852195902 -0.539225577873 0
4.06676503171 0.191912075238 1
2.83579890008 2.31821927611 1
-0.413672246676 0.377403070174 0
1.8749216397 2.31917341426 1
1.58240169667 -1.05129088424 0
-0.837614365586 -0.657580272434 0
1.66191803263 1.5392097623 1
-1.43109730475 1.60979813065 0
1.94278786808 3.85990171493 1
3.65944937531 3.74873850614 1
3.27147373406 2.39600912641 1
2.81414444317 2.81786140575 1
4.18243068755 2.64484774891 1
1.77373429737 3.21989612656 1
-0.0993740863492 -0.244524615382 0
1.43768741837 1.53456285927 1
1.22805659433 -1.6631026501 0
3.30349763734 2.0296104803 1
-0.527570893863 -0.571085081939 0
1.51061469612 0.839636850217 0
2.35302367297 4.53572655198 1
3.18454614177 3.39806378726 1
1.4055819896 1.41300036157 1
0.439621536103 -2.11317139473 0
0.0943774839019 -0.327070574762 0
2.21856046381 2.18764470797 1
0.0170177556409 1.48000250766 0
3.2186243583 1.3454287215 1
1.09205395664 -0.359642047811 0
1.08156860732 3.33004536476 1
1.85548781534 -1.02813981504 0
3.39991241018 1.60829035876 1
-0.133069092309 0.105209357303 0
2.09172740279 2.85597580629 1
1.69032578042 2.78973450654 1
0.640949531463 3.21042643986 1
-0.111014106754 -0.806648315885 0
3.13948562822 2.05166693099 1
-1.02068567952 -1.13774245692 0
2.31801292406 3.96859271191 1
2.19811636055 3.71881074164 1
2.24015538015 4.17574460206 1
0.301002932324 0.951206214052 0
3.20986410956 1.81614805461 1
1.3606610365 1.47992171467 1
-1.04195622581 0.366069097687 0
-0.26751154519 1.10866779837 0
0.823319657769 -0.67351239852 0
-1.60936232668 1.08691863692 0
3.06005346847 2.09530595248 1
-0.0932575661105 0.90631128622 0
0.0700410959229 1.52958685551 0
-1.03250542495 0.701771215638 0
1.7031018585 -0.407592283091 0
2.1805670725 2.7079407366 1
1.04952699648 -0.945494136536 0
0.905255114624 -0.0168054593288 0
0.605199063144 0.984218822091 1
2.70426872952 2.54410524158 1
2.70903937029 2.72004815987 1
1.6399495092 1.1523212765 1
1.91998728677 2.70783314422 1
2.06728176522 0.321435100577 0
2.22412635578 0.562982724515 0
0.194231702252 5.2488412118 1
2.37899172472 1.49191117752 1
-1.10702543692 0.0773357446378 0
0.856032379136 3.76331107447 1
-0.694532225978 0.386790569258 0
-1.12476369766 -0.317296754446 0
4.07692089584 1.92796899275 1
2.64172682215 0.123115376171 1
-0.214439710063 -0.739230264497 0
0.60465758185 1.01819788141 1
4.20137076718 3.26342177281 1
0.40781365022 -0.604969998807 0
2.12631992255 3.50996679066 1
1.4707945 3.16399173839 1
0.733292782841 0.322694798724 0
1.46555084559 4.87949308024 1
-0.647890935427 1.06004015811 0
1.16739431759 3.42345194246 1
3.5651122931 2.50716676079 1
2.31095331467 3.60395192038 1
-1.45392527146 -1.99803482172 0
4.0890162277 2.03865296418 1
3.23164882879 2.49079833627 1
1.42983872034 -2.92251586611 0
-1.81190676531 -0.308260206417 0
2.67583439436 3.65822551431 1
-1.07389943203 1.78394549979 0
0.462167311235 -0.828225471314 0
4.04989749936 1.41842664086 1
0.0467500484953 -0.601078832576 0
5.65652750648 2.90955440904 1
2.7747813374 2.21744625615 1
1.12348941678 -0.275151344654 0
2.93433910144 3.16726093239 1
-1.6771864685 1.73768295039 0
1.58856496424 -1.11859355141 0
-0.582106628642 0.258996138838 0
0.23287758526 0.356913068503 0
1.63502495887 2.60533944335 1
2.63287797085 3.53809197861 1
0.2481504468 -0.679174772691 0
-1.01317067157 -0.158160137863 0
0.364431208031 0.751673775252 0
2.58376599372 1.7230147934 1
-0.869924788867 -1.2978984607 0
0.6730904022 -0.589267823658 0
-1.28735194626 0.66021201374 0
0.778816798657 -0.762294448123 0
1.46509765236 1.67937307544 1
-0.0690220728999 1.37324205065 0
-0.409874722712 -0.7884033138 0
1.66201357206 1.24988234619 1
3.93456609651 0.490635926486 1
1.77112241939 1.88267997528 1
-0.143603498864 -1.70438787753 0
4.12780942342 1.54768559986 1
3.44358167044 3.0589613042 1
1.75717594683 3.06480747066 1
-0.0265374731546 0.398334025572 0
2.6282541689 4.05406877107 1
2.71053838133 3.52422608028 1
3.12196452183 1.46405748338 1
1.75090990172 0.686794228934 0
-1.81299308721 -0.436383899078 0
0.768571426657 0.12046938083 0
0.0957532731018 -0.154266034948 0
0.15215114268 0.637937727163 0
0.962547787184 0.0374189852518 0
0.517027927709 0.990959426884 0
2.61419093305 1.52251933709 1
0.27522982177 -0.838997560996 0
2.71019571436 2.21520575961 1
-1.0878866739 0.674767825481 0
1.33149327046 3.11806998596 1
3.41747177418 2.03182515541 1
1.84031407087 3.9294630422 1
-1.47916735447 0.511776938273 0
0.386817883597 0.411087607274 0
2.64102107812 2.47423879135 1
3.05390230601 0.565528431592 1
-0.0030085245109 1.78007898442 0
-1.09118627943 0.560530575734 0
-0.427422139722 -1.02717284596 0
-1.25646636762 -1.2974961454 0
3.56370432742 2.36298724416 1
3.22664132714 3.42990075901 1
2.3777567595 2.08281217907 0
3.05999720808 0.325781186784 1
-0.206264555531 -0.690232819846 0
1.86017755949 1.28673221286 1
1.53477250973 1.0986746304 1
-1.78327466589 0.94694132319 0
4.00805025982 3.1017601454 1
2.74508047005 3.62951201533 1
0.989167547806 0.0385055511781 0
-0.907319522771 -0.178246206105 0
2.1945880607 0.638015641939 1
-1.24271214801 1.62009376377 0
-0.298365239941 1.12478696948 0
3.84856942164 2.87988733419 1
-0.683382960985 -0.930689903118 0
-0.310302727359 0.804149951934 0
1.70489920415 2.93959063264 1
1.26121327691 0.432239250745 0
2.51399680525 3.32272453589 1
1.73320817902 3.41956269701 1
3.23078097971 3.1902949984 1
0.83767649924 0.0804550633153 0
1.6794466948 1.28825215999 1
3.28361186629 1.43668383209 1
2.80959680279 2.00783880401 1
1.6713849245 3.25795833638 1
-0.0260622597974 -1.82480488943 0
3.5319887621 3.06299351139 1
-0.666966653482 -0.43049798092 0
2.82112129181 2.68562397203 1
-0.761407818696 -0.447773434241 0
1.17781121502 -0.613729320084 0
0.97974244646 2.50289224237 1
2.72865018124 2.75951329229 1
1.82319330398 0.0456166736381 0
2.14271552697 1.85631620688 1
2.04537676555 1.04668536302 1
1.23421309982 -0.0915206709265 0
0.10147812983 0.638701653554 0
-0.547534929007 -1.53481456068 0
2.45859580642 1.9244501326 1
0.35975562467 1.44344333354 0
2.89770667466 2.31655255563 1
-2.65762379121 1.49318178793 0
-0.414653067786 0.300256075542 0
0.996030584167 1.4981815351 0
1.74645667071 3.57002570159 1
1.26103156326 0.23149983337 0
3.35761213559 2.68883543962 1
0.145183285714 -0.490770225016 0
3.48746984514 -0.528763986768 1
2.28508783801 2.22007082001 1
0.0372592348978 2.3569545716 1
-0.423533360387 -2.32033336105 0
3.43103656453 3.27417918902 1
0.784456426218 -1.86554431762 0
0.758792418126 4.99377341529 1
2.70709619338 3.09409251909 1
1.02516407024 3.45822991951 1
0.0175808804277 3.09960714127 1
4.01094591892 1.8991064012 1
-0.0281071003854 1.66197226403 0
1.90611001653 -0.169308711921 0
0.622440168269 -1.66611685574 0
-0.906465310283 1.32381428422 0
2.76246457156 3.64105523943 1
-0.585522100622 1.3927716713 0
-1.45935372329 0.307068153923 0
-2.47906243473 -1.72387100948 0
4.16772342977 3.40677086394 1
3.9803554575 2.4149687387 1
2.29449418334 1.02913580644 1
4.21331776216 3.93476884549 1
2.69989390867 2.20706603815 1
2.14203655037 2.94886392269 1
-0.690651427516 -0.468647064775 0
4.40029186076 2.90288355618 1
1.73290565952 2.60364782671 1
0.424737843972 0.37752196405 0
2.33194588239 3.60132605919 1
0.569604827792 0.665160093687 0
1.76369613936 1.47107624563 1
1.63367062432 3.03553754233 1
-0.730826037867 -0.0325018355804 0
3.33216680775 2.54650817843 1
-1.15284780069 -0.282125565767 0
1.49662841602 -0.121978931115 0
2.67700624087 3.54676499507 1
1.44860740814 -0.395248802589 0
-0.585652819498 0.640563518532 0
0.379194372157 1.14164283425 1
-0.812601033426 0.907494615657 0
4.05895212995 2.33424553299 1
2.30560982437 3.50818677943 1
2.16678789732 1.19592622983 1
